[1,2,3,4,5]
2
[1,1,3,5,5]
2
[6,7,11,7,6,8]
5
[6,-3,7,2,11]
3
[-7,22,17,3]
2
[-46, 11, -85, 83, 22, 69, -35, 4, -39, 76, 94, -5, -91, 0, -80, 22, -22, -62, -59, -65, 7, -54, 88, -75, 73, 67, -74, -91, 9, 24, 32, -57, -43, -75, 54, 57, 10, 27, 96, -17, 26, 61, 36, 22, 85, -67, -55, 74, 80, -74, -22, -40, 91, -35, -1, -18, 59, 10, -35, -52, 29, 24, -41, 75, -15, 91, -12, -14, 17, -90, -43, -79, 80, -36, 91, 62, 94, 11, -69, -80, -36, 80, 0, -65, 52, 51, 54, 27, -31, -98, 91, -100, 54, -74, 0, -69, 91, -67, 94, 39, -68, -82, 7, 39, -71, -71, 10, -17, -44, 18, -2, 15, -12, 91, -58, 36, 29, 42, 35, -25, -3, 98, 87, 53, -100, 80, -9, 50, 79, -91, -26, -84, 63, 72, 88, 33, -21, 38, 56, -42, -19, -48, -9, -16, -28, 93, 78, -96, -20, -76, -45, 40, -72, 97, 18, 71, -89, -64, -96, 77, -1, 56, 71, -26, -36, 92, 85, -61, -97, -69, -25, 68, 29, -25, 67, -48, -17, -37, -67, 68, 61, -91, -13, -92, 48, 50, 64, 50, -30, 20, -65, -95, 11, 59, -46, -12, 66, 78, -36, -21, 79, 81, 3, -12, -67, -90, -51, 24, 44, 46, 77, -56, 18, 57, 96, 10, 98, 72, 86, 18, -50, -63, -61, 7, -81, 94, -23, 57, 50, -3, -47, 61, -75, -12, 12, -40, -91, -62, 98, -38, -2, 44, -6, -47, 16, -82, -52, 54, -40, 21, 66, -43, -69, -19, 20, -74, -92, -9, 45, 43, -4, 54, 63, 83, -64, -24, -25, -12, 64, -40, 53, -26, -75, 32, 73, 78, -20, -88, -89, 87, 82, -39, -39, 17, 75, 66, -92, -3, 49, 81, 14, 48, -68, 3, 53, 8, -1, 9, 77, 66]
10